    unsorted:	 0.9065825419 0.6088176320 0.3981018295 1.572350486 3.741388850 6.192764212 6.761692664 12.09009988 15.08971219 15.63508628 28.68894726 26.38564186 30.52259026 40.43652032 39.59469227 42.66293871 44.51029496 48.90094007 54.66174981 55.04956474 75.12850904 78.40448551 135.0225438 154.2290464 217.7397299 236.0180909 246.9002272 327.9429919 1132.990301 679.8056794 712.3240014 747.0282915 760.4112608 790.6088422 593.7928858 839.4741947 879.7539374 1057.418408 1080.248168 1031.511387 1121.062129 1172.151706 1257.349704 1284.348294 1348.809791 1423.669102 1582.089654 1676.454017 1730.688260 1945.297794 2033.888993 2288.064152 2330.234543 2622.651685 2584.114761 2667.670096 2817.292060 3169.979420 3313.729113 3429.256761 3495.950605 3699.210076 4376.392659 4744.122266 4923.184478 5142.373987 5456.410282 5930.328039 6040.739608 6078.919364 7261.150091 7546.567670 8649.055438 9206.283934 9867.537663 9990.855443 10748.53096 11048.17635 12322.13750 13564.00964 14271.24042 16138.58584 16700.10709 18902.52653 18707.50973 20028.52453 21538.39594 21683.35537 23019.42750 23717.22376 24411.73843 25273.23590 26509.80017 27971.73439 29895.72037 32730.22384 33390.66186 35928.38404 39116.93269 40487.55139 43678.81617 46324.60292 47782.15217 48973.38029 54018.98765 54719.09879 56023.60481 59085.08993 60130.63169 69454.75026 72020.63260 74485.46770 79199.20251 83685.68492 87910.05530 90381.52232 90955.35499 94131.51149 107033.6843 118540.2262 122892.9755 144385.9481 147359.4315 153580.4598 157757.6916 164555.9608 168214.4604 184627.3482 191434.9432 195307.1974 199997.0499 230519.8812 248865.1157 253406.3564 282016.6132 335927.6663 345319.1452 374013.6036 407300.9256 530916.2797 621075.1567 645766.8178 752784.5822 913179.5394 989031.7627 1052035.106 1253290.836 2192466.636 5782473.896 47447589.62 1.132992103e+10 1.132990301e+10
      sorted:	 0.3981018295 0.6088176320 0.9065825419 1.572350486 3.741388850 6.192764212 6.761692664 12.09009988 15.08971219 15.63508628 26.38564186 28.68894726 30.52259026 39.59469227 40.43652032 42.66293871 44.51029496 48.90094007 54.66174981 55.04956474 75.12850904 78.40448551 135.0225438 154.2290464 217.7397299 236.0180909 246.9002272 327.9429919 593.7928858 679.8056794 712.3240014 747.0282915 760.4112608 790.6088422 839.4741947 879.7539374 1031.511387 1057.418408 1080.248168 1121.062129 1132.990301 1172.151706 1257.349704 1284.348294 1348.809791 1423.669102 1582.089654 1676.454017 1730.688260 1945.297794 2033.888993 2288.064152 2330.234543 2584.114761 2622.651685 2667.670096 2817.292060 3169.979420 3313.729113 3429.256761 3495.950605 3699.210076 4376.392659 4744.122266 4923.184478 5142.373987 5456.410282 5930.328039 6040.739608 6078.919364 7261.150091 7546.567670 8649.055438 9206.283934 9867.537663 9990.855443 10748.53096 11048.17635 12322.13750 13564.00964 14271.24042 16138.58584 16700.10709 18707.50973 18902.52653 20028.52453 21538.39594 21683.35537 23019.42750 23717.22376 24411.73843 25273.23590 26509.80017 27971.73439 29895.72037 32730.22384 33390.66186 35928.38404 39116.93269 40487.55139 43678.81617 46324.60292 47782.15217 48973.38029 54018.98765 54719.09879 56023.60481 59085.08993 60130.63169 69454.75026 72020.63260 74485.46770 79199.20251 83685.68492 87910.05530 90381.52232 90955.35499 94131.51149 107033.6843 118540.2262 122892.9755 144385.9481 147359.4315 153580.4598 157757.6916 164555.9608 168214.4604 184627.3482 191434.9432 195307.1974 199997.0499 230519.8812 248865.1157 253406.3564 282016.6132 335927.6663 345319.1452 374013.6036 407300.9256 530916.2797 621075.1567 645766.8178 752784.5822 913179.5394 989031.7627 1052035.106 1253290.836 2192466.636 5782473.896 47447589.62 1.132990301e+10 1.132992103e+10
